0
3555
315
1839
4915
2682
2848
2110
1613
173
3654
3808
2304
1462
5087
663
1934
1773
5724
1246
2207
3196
5921
3721
955
2838
801
1517
4600
4784
3989
1298
289
3391
1778
4689
930
3162
38
4167
1999
4073
4022
100
5039
5920
5282
3731
2101
4171
1486
3805
1955
1380
3638
1115
4328
1752
4997
2996
5631
5124
2536
4882
8
1212
2702
4456
3773
1125
1491
5762
974
4910
5446
5608
5716
1834
5404
5887
2519
240
4007
3634
2351
494
1084
4303
1028
1774
3985
2449
1390
2525
611
5776
3534
4599
5194
990
4855
1379
51
4581
689
1787
5441
3181
5440
275
4317
4377
1477
3490
3153
2045
2470
3378
232
4789
4330
3649
2481
2553
1428
1129
1327
1284
2161
2139
556
766
899
5022
1089
305
5569
1736
4697
5001
4356
1892
5110
5900
5199
2346
3188
3292
1437
659
5991
2531
5557
5805
4394
1737
3770
4988
3424
2765
1925
5505
3392
3977
1572
2006
1112
1440
841
1305
1288
5079
3882
3967
2305
2581
472
4469
1657
819
195
5803
1333
761
3645
4273
1133
3148
404
5879
2412
946
5649
107
5038
4387
989
2535
4889
2105
803
3921
4698
1183
2365
592
4836
665
4794
2768
1019
5639
5809
3168
1676
4389
55
3542
4817
4408
1975
4444
4500
5767
199
5280
3582
3668
3138
299
2658
2440
131
4366
5382
1966
5627
4524
4231
2007
1292
1272
3156
4846
4453
4528
1690
4827
2175
5987
3540
234
562
5235
963
5088
380
2899
4013
5801
668
4298
612
373
1674
1439
5305
1304
3226
2779
4021
24
5734
3036
2751
3676
4203
5806
3309
3191
1494
541
5804
3282
858
1662
5745
967
2320
2276
5820
4531
5316
3247
4263
3
575
5307
4728
3763
1648
4067
5206
3699
1923
209
1297
2908
4373
793
5285
4210
1824
307
255
5755
1018
3326
1226
2469
2001
122
2389
1916
3029
5718
5507
4534
1480
3193
3614
2990
3325
292
2331
2534
5325
95
1800
4292
1071
3925
4262
2821
2909
2699
4338
715
1208
2533
462
1045
2218
2187
2624
5455
4557
4877
2514
2541
2461
4950
4278
3686
5744
1329
4576
3314
530
4152
4603
4120
597
2924
2598
1447
4058
90
3411
5301
1332
5058
576
1563
5197
2757
3253
5626
2760
774
3545
1566
3346
1256
5650
2763
2776
2544
2574
754
2696
4496
2560
2478
2056
2664
3264
3759
446
1671
2572
1254
4542
223
2083
2725
1806
4756
3032
3107
5819
4293
3754
1780
1111
2778
4454
3045
2795
2761
3835
1117
3132
5252
3366
2273
3417
1396
4607
4578
3762
5354
5213
902
1568
1459
958
824
2565
4856
5283
1322
4403
4457
3938
4111
3483
4286
3575
2713
5037
2824
2873
5254
5613
4299
3784
1498
499
5993
1170
1489
2472
2498
5750
301
3704
1441
3886
4116
5662
5021
3653
5853
789
4341
451
1602
369
3752
5345
2865
3598
3320
4537
2141
1383
2204
3095
947
4650
2852
3720
5714
0
4237
810
5379
2585
4053
2880
3413
3382
3774
736
2260
3403
2172
3861
129
4297
4065
4126
2527
997
4184
3270
928
4729
5075
5304
4924
4940
4860
5346
2196
2701
1544
2732
1881
1041
3155
945
3546
4747
3093
344
5497
5391
842
5786
2129
2213
822
1186
2041
1009
4928
3577
5784
2286
1341
1985
2877
3006
2987
3275
213
5958
1413
345
3764
2921
1
1049
1805
890
2339
407
3760
1918
5028
4043
1343
81
2577
3215
3579
5228
3016
4106
5098
329
1043
2695
2746
333
5053
3234
3650
1865
2428
582
2312
5795
2373
4830
3020
4054
3265
5077
1585
4009
5429
3480
3331
1877
2191
2753
5103
5692
3091
1376
479
4533
5514
1397
202
3060
2566
5573
1296
2240
2969
3548
1419
4309
5523
5599
1478
3126
3381
365
1131
3683
2254
1888
3819
3463
3291
1255
1960
2928
3740
5578
1558
3426
783
1470
3343
4474
87
856
491
2230
225
2667
400
4699
4514
5894
1507
3673
5129
654
1520
2823
3332
5529
5816
623
3678
1794
5710
3714
537
4652
4680
1756
3608
4196
823
3953
58
650
3373
5754
4579
3261
1801
5785
3147
3398
916
2235
2859
4550
4685
3050
3447
5248
2951
3832
2167
5642
3174
2471
3581
4095
2739
1203
360
4404
2282
1138
4573
300
3294
1684
1378
3655
3609
4937
503
2595
2844
5802
2652
5369
4227
940
5598
1586
878
4437
5995
5349
5168
3504
1589
4158
529
265
3157
4810
4995
5495
5646
68
4087
5438
1016
2350
4944
1495
1232
3992
4635
158
4264
548
998
5943
5112
3390
544
1326
2419
5410
5359
5893
2336
1265
2444
5469
268
1474
1182
1822
3223
2216
4495
5571
922
5547
2935
3454
873
1959
401
684
2818
4177
3950
2912
5998
4354
5769
5278
773
4737
5970
3688
4923
5925
5048
4833
1163
3535
1074
894
4242
5651
5467
16
4945
5732
5209
4663
1384
1619
5659
1880
455
4966
4582
5483
1328
1964
2322
1077
977
864
868
343
1620
4319
629
3735
3079
5189
5672
5134
5872
2012
1727
3880
5996
570
4405
5506
1947
136
2875
5818
3123
707
3964
391
2640
826
2927
3438
4523
1393
18
1857
2509
1119
5927
4077
5018
2392
2868
3998
1280
357
1759
3319
4175
1567
5888
2480
5658
4816
3958
4233
4858
573
3693
667
3661
1802
3558
2288
1070
3850
177
3749
508
3358
4583
4131
1351
3709
5478
2663
2894
4555
2205
1551
1998
2939
1476
5216
2460
5201
4359
5711
2822
326
1921
4593
4687
4608
3800
1555
5192
1889
2156
5272
5225
69
5010
5026
1838
4475
2745
2482
3708
14
2575
5647
383
1410
2168
2274
5223
3834
4313
96
3726
1867
2723
5561
4666
5480
3047
1829
1826
466
5360
785
2687
2367
4771
4480
5746
366
1760
1878
2876
3237
5421
4577
2542
2617
1744
4321
4638
2084
3379
3445
1983
1562
1448
4623
2937
5604
3081
4431
