0
4501
3263
1885
2534
5080
836
277
4817
2580
109
4755
4296
3131
4880
3971
2566
2884
2543
388
5748
2199
641
4287
2955
3517
2127
1598
2900
601
1340
3770
1059
4466
3543
4554
482
2489
694
1385
3808
5796
5152
5625
1088
3957
2092
3279
4848
1836
1462
5693
4538
5529
5642
387
3230
5126
4796
1368
4057
3759
1380
2859
5418
2287
2785
3740
1901
1825
802
453
3084
2667
5119
2974
3521
5793
5941
2159
333
5066
2178
5138
1384
2590
2231
760
3065
2970
2652
5133
1650
5704
2111
3127
2743
4408
5851
3509
1665
3947
2691
5436
233
1245
4435
3597
182
3419
54
2721
4931
3379
5074
3242
2759
4259
3024
5546
2154
1402
5750
2613
4542
1805
4840
4294
2690
1074
2452
5926
855
562
4036
3450
2119
420
1195
2716
3655
1319
1604
3624
3773
5458
3911
5461
3010
1143
2150
229
2837
5886
2279
5194
3876
3781
4295
4349
1068
3764
1814
165
5657
210
4691
2845
5339
2649
3621
1831
4745
456
764
5612
4782
1928
5652
3573
920
1929
2167
1173
263
5087
22
3973
4650
1881
4851
1392
1617
3864
5651
5888
73
3927
1410
2403
3946
3483
4455
4023
4634
248
3996
4151
5219
167
1268
5143
927
1623
1135
3148
5780
2894
3253
919
5040
5010
3546
2288
2654
1110
2911
3671
5288
3421
1972
53
4715
5970
1797
48
701
853
3798
5700
975
1879
1888
281
631
5783
3085
4734
1365
999
525
2357
4061
4498
2640
5238
2498
1361
5262
3499
4102
2931
5176
4333
3075
3847
5554
5777
1772
2068
1770
5616
2890
544
3353
4951
1085
3321
800
407
3211
5189
4164
1447
3817
4479
1065
4535
3657
3407
5621
4143
4179
4574
2809
1156
1559
110
405
4906
4792
5450
304
4238
33
4828
5054
119
5929
2485
255
1965
991
140
1489
3881
152
3766
4004
4677
4571
1646
3125
2620
5687
2740
1729
2885
1269
4565
5988
1670
4638
3386
2973
4378
4369
4702
2285
5577
2519
2686
4966
948
1297
5443
1733
3664
4280
2095
1277
3330
1018
3839
4204
1498
5953
4357
945
5294
1696
5140
3692
1370
3340
4340
1280
2935
883
3880
3787
4303
4076
1241
1743
5549
4509
4660
4836
5078
2595
337
911
4521
2193
4015
2305
634
5883
5509
4370
2891
1433
2574
3278
4252
5728
1136
446
4131
4381
4987
4323
4415
1299
1963
4530
1123
1567
1654
2114
5678
679
2934
577
108
5406
4977
3869
3461
3061
5203
436
2710
4206
1991
2453
4286
1844
3359
3742
3859
669
2166
866
2684
1737
5683
2905
2215
4273
3687
3547
3329
3837
5847
3568
502
1126
3281
5027
5032
4942
618
3054
5674
4202
2523
3453
4820
1420
3802
2369
2148
4871
5710
928
308
4765
654
1446
598
2385
1613
3824
5305
4562
1213
1496
3011
2443
417
1643
651
5820
4802
4687
4954
267
3184
2839
4282
320
4655
5145
3644
3762
3225
5809
2723
699
5906
2079
1026
4754
5313
2835
2936
4522
2576
4672
4632
2703
2024
5990
1573
1678
2758
4862
3819
460
3803
4017
3417
1964
3418
1058
490
3888
1334
2440
2797
4609
2525
5228
572
2090
2945
1824
2539
1149
2947
4254
4938
2168
4645
1856
5463
5092
4396
5915
129
5352
4248
3689
3071
5707
1871
1709
4085
329
1130
4515
2987
4918
1303
1641
1940
1864
4365
2296
3402
786
1870
2265
5761
3942
5286
3455
1985
3475
2417
5966
2696
5232
1265
3533
1548
2340
5211
5885
5049
879
3349
3828
586
141
4380
2989
519
1153
494
4222
1180
4695
4363
1651
4249
3462
4442
3316
2812
4973
1917
2233
2873
2306
1122
2240
2481
4783
3441
5057
4768
3444
2508
2813
578
2392
4216
4512
2939
5237
4087
3458
2005
4476
5158
2456
1736
2282
2086
4635
4561
3681
2619
1810
2035
5497
5985
1799
5034
4956
2604
199
4180
2943
3201
1308
993
4622
5274
2132
2009
44
567
4457
2962
3391
330
857
3411
2421
4890
756
5866
3967
4362
4449
4900
536
1596
4674
4663
4578
274
2040
3530
4588
352
3413
3879
5405
2387
2386
1017
5256
1694
3128
2458
5972
4896
2075
4063
5662
5374
1152
2126
2632
5210
2633
2780
1662
2697
5164
4723
5451
5501
3130
1064
2487
810
3338
2829
1382
1751
3210
3167
1656
5603
5065
1767
763
3168
1483
5738
1261
3878
2268
587
3302
1406
3959
332
3027
4506
2875
3214
4575
2346
2261
5000
4018
916
2540
2705
253
5141
5618
4134
5322
1063
523
5905
384
379
1683
2551
3979
2389
249
483
3679
4411
2027
1986
1838
311
5605
2483
238
155
3370
1393
2064
3561
4833
3902
2370
2476
2337
3660
3913
4005
4689
3341
340
2918
2001
2197
5116
3925
2107
1163
4852
2816
3143
5661
5743
2720
5714
368
5519
2367
1671
5154
2187
5191
1327
5347
862
1896
4199
127
5506
1684
3900
3610
3072
4886
930
875
2180
1445
1288
1151
3861
2537
5656
5588
3784
5713
2683
27
4372
979
1823
4403
3078
2863
5997
3007
5171
2598
5633
833
1092
3729
5342
1582
1208
5426
3442
3118
5766
4780
2230
189
3754
2124
1955
5043
839
4513
1757
3188
3282
639
5828
3604
1040
3702
3376
3440
4597
5301
884
4265
4975
690
2507
239
1381
953
2788
3179
5774
3092
1335
695
3098
5212
3044
75
2840
2249
237
2605
708
4308
2591
5922
1407
4091
5762
1113
3029
5840
5245
6
3944
2424
149
1198
2606
782
3636
2624
1165
1009
3406
5331
5028
3030
4534
1723
4460
1710
122
2706
4224
374
2806
1740
5753
4505
3868
2862
3187
4304
4867
2621
3082
1484
2689
2239
4580
2847
2826
4041
968
5250
2334
3368
3918
3384
1289
3675
2754
4767
4155
533
3608
40
1700
4069
3695
4033
2207
1754
2893
5200
3629
737
874
673
1820
5407
1443
4791
3669
899
2254
1707
3882
5416
2470
90
5863
4844
5741
4979
4118
4743
2267
4034
4917
849
4081
3906
918
1555
4994
3707
3101
2257
5276
3239
2479
3177
429
4631
4344
5345
5787
5632
499
3350
1027
1816
4710
3508
1359
3905
403
3522
5183
556
5493
4258
659
2210
2045
5768
4009
1387
5163
973
4214
5778
2377
1304
5640
3176
5410
493
751
3948
5960
1478
1373
475
4485
4373
1032
1247
3178
2189
5745
940
4219
5216
5732
4410
3578
2602
2643
1781
1066
2774
5344
1495
585
412
4503
1610
3023
160
3640
4885
5051
5029
1400
1918
2844
3560
1692
2881
5263
4688
4897
5064
3013
5655
4241
2824
2982
4933
1011
2573
2916
1887
867
1628
5391
5721
1103
3438
2292
169
2161
3042
5726
1995
5984
3860
3743
3154
788
3088
2714
5017
151
1749
5361
4387
5503
3028
3422
95
1431
4760
3322
2731
4508
1001
1336
261
4618
759
4928
2860
4350
1500
3990
5130
1860
1019
415
2650
5445
2053
4525
2763
4540
5540
3605
1711
893
4183
5507
3570
3708
4747
2006
5599
4552
426
5025
1358
3347
3827
2356
563
4735
1186
5940
4152
395
5037
4684
244
5213
5180
1624
4971
4647
4718
3136
1550
1072
2323
3658
769
872
3207
4573
3582
501
1428
1326
2098
5946
372
4048
5199
4207
966
314
2057
2528
1139
5675
5541
3191
107
5760
209
3725
2501
3257
4678
5791
4837
5855
2949
25
1786
1129
3727
5047
103
4178
921
4038
1164
20
880
3661
1539
5925
3051
2081
4876
652
4006
1102
5174
4685
265
3493
5478
2329
2789
3519
3094
713
1250
2831
4138
2545
1413
4117
1502
5267
79
2174
2361
5842
4972
5492
1005
102
5435
5698
1806
789
399
4306
5725
4211
3928
346
1575
1614
5544
186
378
2753
5731
87
922
2204
1460
1238
4742
4903
4428
1279
2994
4142
3577
5169
1954
1597
4549
1771
5979
2547
4547
813
4483
3305
5195
1107
5299
960
4499
4865
2522
4090
2467
2546
5039
5532
5569
3231
5192
1070
3887
3894
4536
43
495
815
3724
163
5244
4477
4468
5111
2713
1512
4644
680
1794
1939
5018
994
1924
3895
2325
4915
113
683
3641
1252
5284
439
963
2158
2324
1536
5259
661
520
2131
962
3612
1562
5172
4491
3607
4775
1264
2681
1695
3392
1982
117
4281
4037
1175
2779
2435
2474
371
1915
1310
3074
3810
3102
2046
3498
4495
3982
2634
5570
273
1258
4711
730
5679
4099
32
5560
1815
4759
1148
3800
542
4944
4366
3165
422
3447
3032
3344
5044
492
4100
2243
1581
5269
5330
621
1503
4232
2766
3063
593
242
4137
4368
1345
5727
5377
691
366
1937
4995
1840
3693
4489
2639
3285
3852
3553
4288
951
5113
4106
5398
4516
2794
3017
604
4444
111
4799
145
4193
3216
1223
187
5909
3648
3532
2822
5945
4172
5471
4146
3714
4311
2021
2644
3826
1616
5409
2825
5014
2425
1880
1540
627
5913
4797
2631
1936
827
3363
4298
112
5182
4440
305
2510
809
1429
2125
890
369
1458
5110
2348
5876
2504
5650
4750
5556
4614
5485
4256
5936
4342
830
4863
19
718
2434
1996
4834
5967
2264
2234
1602
2541
1202
2087
225
382
2445
3473
3659
5277
1101
2037
2772
3427
1718
4054
4239
5366
3656
4579
459
1745
3443
1255
555
2538
3628
3457
5968
2402
806
3111
2930
4673
4472
4201
4583
1732
88
4911
146
4845
435
1172
688
5038
1188
3333
2147
2184
5955
410
4161
2343
5920
4899
4761
854
61
135
5103
1592
2309
5862
3598
3783
5462
1114
2177
1663
3251
4544
4733
2300
5230
3430
3838
1412
4680
5860
4419
3472
5382
3374
3006
1343
4584
1949
1184
4046
4096
2745
3164
1759
2952
2940
1513
2141
3226
3873
1893
3156
2122
776
3549
3952
4434
2405
3625
3980
5821
5995
2446
3931
2858
424
5718
3166
4494
3682
5846
798
4310
3365
743
1182
2850
5852
3997
3400
480
326
1115
3439
1461
5504
5275
3886
5385
4888
3196
1603
5868
5457
5779
2790
4441
908
3141
3654
1083
1979
4558
2593
5898
2559
3034
2464
3874
649
2142
5401
4315
3989
1313
4613
1891
3434
5498
1493
4073
5641
2746
5639
4197
1930
1569
2956
3077
5448
3953
1183
3173
4062
4878
414
3849
5381
1342
5631
5895
92
568
2587
5894
3194
1356
2108
7
176
5982
1179
5343
2641
39
2427
1316
5770
1125
5318
1002
3761
2617
1638
5289
1590
4726
1041
2676
1739
5071
4916
1698
1432
1230
5083
4572
1056
1315
2088
80
1803
4140
2757
3454
1217
4123
3930
4730
1907
162
5810
1708
4391
2597
3814
2070
5628
4482
4703
4504
2395
2308
2018
3842
2867
5170
4737
4881
3951
3424
5202
3431
5935
4587
4067
3220
5394
5160
4649
2783
1239
3575
5153
5379
4502
3940
3408
2012
4996
4314
5957
2051
2944
5281
1853
1537
2849
3955
1687
676
5090
3069
1715
4628
5597
2022
5207
4233
1216
1919
3643
4213
4496
3986
5091
411
67
4546
5996
5335
1607
3782
1291
5266
4706
4693
3180
3489
204
328
177
720
3256
1691
504
5465
2614
5677
5712
4141
1007
3364
4165
3898
4402
2420
3844
1697
1415
1775
1168
3240
1883
793
1554
1801
5241
1722
1111
603
4999
4267
4919
5932
4510
4321
2299
4892
1728
2795
566
3673
667
2556
3446
1987
1181
1375
5142
2000
3254
803
5135
1703
3163
4724
3185
4116
5969
969
5645
5370
181
773
198
3380
832
2173
114
5013
5400
5491
1535
470
1124
1254
3414
3511
729
860
868
452
4940
4101
1830
500
2924
965
1042
1257
3212
2181
3709
1087
819
2093
5853
5360
4439
4553
3096
5353
4016
5668
697
873
1235
1600
4382
929
3497
1832
1659
842
5567
5431
3569
206
2967
5914
1827
1906
5531
4905
4640
131
666
3463
660
5624
5475
2186
4866
2841
1093
829
4853
971
2828
609
401
5949
4778
4744
4772
2895
4044
2430
421
1328
3175
1414
2910
2002
4815
924
4766
5516
3323
912
2488
4621
1530
4330
4377
465
964
4319
1220
1014
2524
2156
4194
3739
222
2182
2801
3588
1481
2496
3678
434
3776
1642
5518
2509
1351
1425
3572
2042
3503
1067
1992
344
3255
3722
3745
99
4657
1300
5692
1667
732
2076
3647
4785
1071
4229
5495
3348
5115
4007
4698
2558
3197
3238
4709
3100
3618
2380
5806
643
1837
1884
1260
3436
2060
4946
1531
5785
63
4364
5149
1742
2054
472
1435
4307
2083
1200
1231
392
5962
3387
944
2549
437
2920
5514
4893
4313
5720
5843
455
1674
1307
1579
5167
2637
116
4790
4055
2868
5627
714
4812
4025
1833
785
1409
3981
4879
1278
1541
2830
3862
3712
1108
4125
3545
124
1366
1524
2579
3916
629
4520
2625
5363
1504
4392
497
888
4374
4115
3639
4752
4713
367
1305
5535
3921
2112
4082
3410
2201
2653
430
543
4541
2872
3389
3367
561
118
1688
5606
3719
1437
4577
657
1372
2561
278
256
2919
3260
717
4110
2049
1155
2383
1212
990
4111
3491
3292
285
4701
3809
3172
5420
4805
4667
5222
1913
5880
1121
3507
4447
3068
4276
997
1494
1105
4704
1452
78
3099
5769
2008
5108
4651
3974
907
4611
3204
2271
2814
1097
5423
1714
1417
3252
5781
1854
1508
1185
4949
5258
2694
3325
1390
3035
5178
4065
686
3512
423
3062
4329
620
2245
1395
2961
4864
3142
3470
2322
2449
2179
526
3479
5688
4074
2988
1401
324
4426
252
5658
105
547
5489
2351
2326
2998
4861
4113
1119
4352
2448
804
2048
361
2089
1507
2281
1636
3716
2227
375
1287
3335
5239
5155
302
3731
2888
3566
5100
5574
2312
5887
3053
1376
5088
2897
4264
5208
1475
826
5357
1518
2031
349
617
4608
2455
179
610
5316
1325
2248
1829
4228
2039
4257
2345
4226
5620
1038
2626
5701
3700
2255
2782
3138
2120
2756
1599
4464
5487
3361
4543
1533
2103
2033
574
1788
1842
1921
1294
5084
1242
2336
3495
5755
5849
506
923
5387
1977
5664
904
5315
491
2433
2099
4605
4985
3637
5402
5609
2447
889
2202
2925
941
1266
3079
1889
3415
1734
5890
28
5161
2219
2439
1023
2596
4777
1730
2803
823
5756
2903
3466
583
4072
3758
2313
937
5822
2513
1060
5104
507
974
521
569
3600
4019
2584
5832
2833
4725
1738
3954
3234
2993
4827
3559
1813
2109
3043
1267
2373
3584
4154
5983
612
2237
2277
1488
5413
5524
5173
5473
101
596
5630
3083
2011
5190
838
4225
1174
3057
2213
1898
3924
1789
5545
3153
1403
3609
3351
938
4008
2307
3697
3284
1962
898
2151
805
3908
3706
3516
3393
2674
5856
3123
4448
2419
5248
4671
1000
4290
5201
1482
1699
4604
1990
5834
463
995
4437
3150
1712
1369
4517
133
3840
2760
4260
377
2260
3586
5265
66
943
2505
4950
3587
772
4263
2871
1984
3270
4849
5623
5573
3199
1492
1378
535
254
2892
1611
175
3884
5466
4764
3373
1232
3736
1051
3969
3772
935
5980
4593
137
915
4643
126
2736
4751
5788
2303
1031
881
2570
1218
5989
390
1253
4748
1015
5767
1564
5479
5359
611
450
1505
3829
1329
3120
1782
2191
3788
1922
2834
5797
3209
2771
1162
173
2589
240
3833
1441
2864
1379
4974
3056
2400
3510
18
250
1517
4185
727
1861
4615
3704
3273
1927
5928
4189
4813
2531
5015
5521
1456
4399
5365
2475
1933
3425
3943
644
52
4716
1222
350
5132
5590
1034
16
150
3850
2134
706
1912
313
4388
2412
1285
4135
4564
2585
4581
3718
1374
2280
5012
5964
3907
4983
5224
741
2912
2274
5538
1622
5026
5993
2581
440
5948
5737
3144
1501
4196
5526
51
300
3630
2855
5947
2478
120
2707
4658
2542
2096
1632
76
2599
4732
3169
2701
5134
2080
1942
1763
4784
1852
2933
1189
286
3963
3720
5118
164
4868
3807
3311
4176
1819
5204
321
808
2269
11
413
677
5411
485
3994
2149
3914
223
2262
431
1521
5660
4835
5773
4
4215
4626
1756
1205
4010
5304
2294
1909
1822
581
5093
4027
658
1010
5494
358
2423
2765
2902
1128
4404
1228
4653
5186
2078
5699
3487
1497
5811
5198
2699
3301
5814
3375
1211
3115
3018
5775
5635
4556
5061
1469
3858
3465
4610
4532
5563
4478
939
3041
462
348
2339
1630
3726
646
4436
3615
1549
2555
5744
3360
1848
1439
1514
2607
3297
4126
5798
4860
1690
5137
3000
489
2019
1224
2442
3326
3014
2629
4818
4132
3412
2521
5121
476
291
5221
5109
4203
5747
26
692
1048
5314
1926
208
331
1943
4086
576
1890
5742
1946
4401
3183
1491
5680
1910
2056
4423
4567
3222
4433
616
3813
2601
1095
3966
1863
4776
4913
3362
4870
3777
1948
3317
5663
5181
2074
2247
5150
2744
5976
1727
5397
4003
2304
2932
1639
2645
982
56
1197
728
2441
1605
220
1350
5148
4293
5696
3579
2374
2164
5904
1082
3409
5042
2195
3423
4492
1790
2660
1282
2609
3460
818
5439
2411
200
5327
5392
351
700
3452
325
1377
503
5746
3468
1145
5765
1459
3541
2928
1609
3369
464
4679
801
5372
3872
3535
4607
2416
1448
5300
3152
3703
4669
878
1818
3537
1455
3790
3567
3677
3303
1138
1050
488
2656
268
4666
1726
1236
449
62
5799
3757
1841
771
2527
2097
2469
4586
3595
2495
134
4872
258
5673
1571
766
2865
753
2332
4170
4707
1006
5837
85
4997
1214
3602
816
1809
275
998
2618
825
2739
3666
2028
3995
3228
4367
4959
1878
487
3162
1606
5872
1675
3048
4939
1626
3213
2611
3132
3841
71
1800
3961
5987
2972
2451
139
5552
2887
4177
1243
2461
1658
4920
1689
2506
1166
5986
917
3564
3601
4697
5527
486
5711
3193
3815
4317
4932
5157
2016
3372
3877
3892
1094
4877
5226
3215
738
4806
3633
2133
2058
3119
5383
4278
703
5578
3037
4838
614
4524
212
2726
68
2275
2071
3975
4375
5622
4427
3801
1052
5705
3552
2350
3467
4227
4325
5285
4642
559
2953
3093
343
3694
2657
1892
1408
2810
264
2712
3385
3047
3505
2879
3871
3300
3394
777
2390
5561
59
913
4331
2007
3919
2211
4463
5117
5196
3791
5717
5480
2823
1453
5900
740
4955
3097
2236
498
2578
5572
5992
2755
663
2915
549
580
5283
322
2209
3750
5136
590
623
5724
3145
5166
2567
2764
400
2371
2330
4794
4675
433
386
3614
5734
4569
2693
4424
4952
4243
3699
3277
2492
731
2129
5488
1485
5924
5243
1364
5001
3998
3978
307
21
3106
5873
4560
428
4963
5408
144
4967
89
851
2565
2571
3668
5870
5910
3237
4527
2997
1227
2529
2472
2662
213
3060
310
1773
2646
1766
1895
4978
707
3464
5974
3835
2401
4070
4097
2266
5068
3923
4822
1941
3105
3320
5758
2577
3331
2497
3356
5069
1563
1583
1784
1333
1471
3081
2804
4430
942
4212
2457
1778
1348
3059
5772
527
781
3016
1777
5543
448
1251
5024
484
3534
4637
1532
5362
613
23
570
811
5686
3195
4692
3984
2250
5072
5369
1905
5951
3816
2600
2188
2851
3306
4186
5094
383
704
1515
2733
4089
5850
4109
3524
3936
5063
3789
1404
2958
4012
269
5512
2437
2463
592
1612
4947
4450
5337
1423
5583
2473
5455
3756
2702
3157
4236
2407
2175
1089
125
4633
5280
5298
4992
2843
2673
5456
4699
4312
3
5845
2805
887
3680
1397
822
2975
792
5864
1137
2104
4237
906
3938
355
4700
5388
1146
1615
4347
2553
3606
3741
4857
5580
3448
5636
4953
2263
5550
5484
2819
847
5671
742
1945
1527
5897
15
1796
5427
327
3563
5771
5752
3623
398
2335
589
1724
191
396
4242
2575
4856
4850
1283
2352
1120
5227
247
5838
4157
3155
3529
3110
5861
754
4013
4786
3004
5576
1572
1525
1025
3738
1480
1454
1565
194
3058
3972
1677
2043
282
1640
2232
934
3293
5991
5223
2957
1725
1947
231
4431
5826
5937
3307
4409
2742
2675
678
2493
365
705
1331
897
2317
1826
3590
2965
2192
2907
3922
3218
4924
3390
2670
2290
5218
1776
4902
1847
3192
4056
2153
4255
3701
4518
3734
4043
4272
5669
4537
770
2450
3265
2511
5551
5601
1744
3988
3471
359
4001
4251
2926
5854
4168
4093
5589
5931
106
5419
1528
5736
846
3494
1961
2223
4078
3688
203
672
5007
1339
2344
1314
3064
3863
226
2552
227
3310
784
2775
591
2378
1520
1516
13
2331
2253
1371
3308
3713
1076
640
1104
1201
4981
5607
1534
2848
5786
3562
4147
4741
685
5547
1702
24
5891
5508
5975
2429
5050
736
5058
2061
1950
5302
1510
3631
3227
5875
5733
5048
1416
4385
473
532
2363
5205
5004
2672
1660
1587
3080
5425
624
2901
1039
2084
4454
3616
147
3723
2382
91
996
4551
5367
408
1580
1127
3476
1322
1383
5824
1591
5530
3186
5376
5006
364
715
5389
5412
4417
251
4083
5437
3793
1170
3328
5961
5559
2886
5896
5252
5803
3746
1037
1705
4348
4739
2913
5789
2695
1320
5310
1755
4446
1960
363
1449
4438
675
2648
3203
2500
3949
2067
1419
1055
5939
4080
724
505
4274
2165
1584
4686
2155
735
622
4253
2861
5168
850
3033
1834
4529
1112
4173
3893
820
1808
3769
900
1999
5706
5942
5449
4309
9
3515
2468
902
1133
4585
4328
5919
3397
5923
843
3763
3779
4941
41
161
989
2409
5099
3039
1721
3993
5659
2221
2364
1916
5934
5317
4507
5127
4656
4250
1629
4814
4601
5619
2557
4641
3929
5326
2055
4020
5095
5247
674
2951
2680
524
4128
5225
582
2355
404
2502
3298
630
3932
615
3964
4486
1747
3108
1069
5242
4969
4066
821
4098
1341
1959
560
3674
3314
5231
3289
3486
4305
5836
2190
2880
1008
1735
3261
5081
1903
925
2807
812
1256
4221
467
1971
2152
3170
5764
1704
5637
1731
3620
3117
3223
952
3985
2073
1159
4993
2482
2784
977
1900
215
5602
3857
2220
1193
852
2679
1849
5291
1450
2999
4545
3617
665
4268
4654
2586
4205
702
2909
2518
3526
1221
5998
2554
3665
1574
605
2792
4731
4557
3271
1706
4271
3324
845
1997
5858
594
4217
3332
3352
978
4904
4958
55
4539
1150
2750
2252
5446
4379
2908
4623
190
4244
5476
2301
1866
5340
3299
3500
3481
2462
3474
2466
5292
5604
4166
1556
4781
284
1633
2687
2444
865
4270
636
4184
1760
257
5434
2113
3288
3398
4824
5364
3401
841
1330
2655
4359
3730
2010
5611
4190
4334
1096
632
2139
551
3405
3070
5442
5251
5459
2665
4000
2751
1595
1073
82
1519
1511
46
970
3122
3865
1028
4787
1116
3626
5453
296
4130
4927
2391
2471
1787
3158
3514
2950
1874
3089
1551
1958
2516
4094
5648
234
4779
4908
3760
4445
5
573
5482
4026
2677
2937
4630
4665
5591
1030
4563
5351
3221
4830
2404
3744
5933
5999
2436
172
4159
4487
362
2100
5396
4531
2491
4418
4758
5432
4874
5782
357
1263
2311
158
1798
2426
1761
2980
4230
5122
1542
4976
1394
3676
5380
1619
4187
1012
1561
2532
381
1594
3977
1566
1669
1352
2592
747
3224
1850
4921
2832
96
5214
1828
31
3399
266
655
761
2954
3233
3315
1553
3020
5695
4559
4801
3294
3198
2047
5293
3794
457
2106
5672
4807
4209
876
5565
5682
1049
5912
722
4292
5892
5600
245
5428
1003
3171
653
2583
5646
1576
2612
5139
2428
2342
2375
5548
1323
4471
4200
1765
3477
3019
5697
5297
5536
3774
628
2821
794
2560
5874
1780
1657
5125
81
5902
2065
4717
170
385
1177
2408
3749
5279
698
5959
